// pawn positional score
public static readonly int[] BlackPawnPositionTable = {
    90,  90,  90,  90,  90,  90,  90,  90,
    30,  30,  30,  40,  40,  30,  30,  30,
    20,  20,  20,  30,  30,  30,  20,  20,
    10,  10,  10,  20,  20,  10,  10,  10,
    5,   5,  10,  20,  20,   5,   5,   5,
    0,   0,   0,   5,   5,   0,   0,   0,
    0,   0,   0, -10, -10,   0,   0,   0,
    0,   0,   0,   0,   0,   0,   0,   0
};

// knight positional score
public static readonly int[] BlackKnightPositionTable = {
    -5,   0,   0,   0,   0,   0,   0,  -5,
    -5,   0,   0,  10,  10,   0,   0,  -5,
    -5,   5,  20,  20,  20,  20,   5,  -5,
    -5,  10,  20,  30,  30,  20,  10,  -5,
    -5,  10,  20,  30,  30,  20,  10,  -5,
    -5,   5,  20,  10,  10,  20,   5,  -5,
    -5,   0,   0,   0,   0,   0,   0,  -5,
    -5, -10,   0,   0,   0,   0, -10,  -5
};

// bishop positional score
public static readonly int[] BlackBishopPositionTable = {
    0,   0,   0,   0,   0,   0,   0,   0,
    0,   0,   0,   0,   0,   0,   0,   0,
    0,   0,   0,  10,  10,   0,   0,   0,
    0,   0,  10,  20,  20,  10,   0,   0,
    0,   0,  10,  20,  20,  10,   0,   0,
    0,  10,   0,   0,   0,   0,  10,   0,
    0,  30,   0,   0,   0,   0,  30,   0,
    0,   0, -10,   0,   0, -10,   0,   0

};

// rook positional score
public static readonly int[] BlackRookPositionTable = {
    50,  50,  50,  50,  50,  50,  50,  50,
    50,  50,  50,  50,  50,  50,  50,  50,
    0,   0,  10,  20,  20,  10,   0,   0,
    0,   0,  10,  20,  20,  10,   0,   0,
    0,   0,  10,  20,  20,  10,   0,   0,
    0,   0,  10,  20,  20,  10,   0,   0,
    0,   0,  10,  20,  20,  10,   0,   0,
    0,   0,   0,  20,  20,   0,   0,   0

};

public static readonly int[] BlackQueenPositionTable = {
    0, 0, 0, 0, 0, 0, 0, 0,
    0, 0, 0, 0, 0, 0, 0, 0,
    0, 0, 0, 0, 0, 0, 0, 0,
    0, 0, 0, 0, 0, 0, 0, 0,
    0, 0, 0, 0, 0, 0, 0, 0,
    0, 0, 0, 0, 0, 0, 0, 0,
    0, 0, 0, 0, 0, 0, 0, 0,
    0, 0, 0, 0, 0, 0, 0, 0,
};

// king positional score
public static readonly int[] BlackKingPositionTable = {
    0,   0,   0,   0,   0,   0,   0,   0,
    0,   0,   5,   5,   5,   5,   0,   0,
    0,   5,   5,  10,  10,   5,   5,   0,
    0,   5,  10,  20,  20,  10,   5,   0,
    0,   5,  10,  20,  20,  10,   5,   0,
    0,   0,   5,  10,  10,   5,   0,   0,
    0,   5,   5,  -5,  -5,   0,   5,   0,
    0,   0,   5,   0, -15,   0,  10,   0
};